0 3100104 6989
1 3100203 23237
2 3100302 13454
3 3100401 3994
4 3100500 9470
5 3100609 13735
6 3100708 1999
7 3100807 4486
8 3100906 19207
9 3101003 13539
10 3101102 25167
11 3101201 6003
12 3101300 2674
13 3101409 3007
14 3101508 35362
15 3101607 79996
16 3101631 6907
17 3101706 41896
18 3101805 7424
19 3101904 19853
20 3102001 14466
21 3102050 5847
22 3102100 11000
23 3102209 3907
24 3102308 15203
25 3102407 3606
26 3102506 4713
27 3102605 41077
28 3102704 9412
29 3102803 12224
30 3102852 8520
31 3102902 11445
32 3103009 9318
33 3103108 1598
34 3103207 2347
35 3103306 2063
36 3103405 36708
37 3103504 117267
38 3103603 2795
39 3103702 8439
40 3103751 6869
41 3103801 2834
42 3103900 9273
43 3104007 106229
44 3104106 10772
45 3104205 40092
46 3104304 15070
47 3104403 2727
48 3104452 5231
49 3104502 17875
50 3104601 14179
51 3104700 12868
52 3104809 4869
53 3104908 19148
54 3105004 7826
55 3105103 23829
56 3105202 4795
57 3105301 5746
58 3105400 32485
59 3105509 5397
60 3105608 137313
61 3105707 5131
62 3105905 20810
63 3106002 10255
64 3106101 3429
65 3106200 2512070
66 3106309 26700
67 3106408 7715
68 3106507 11932
69 3106606 4604
70 3106655 4735
71 3106705 439340
72 3106804 3379
73 3106903 14494
74 3107000 2515
75 3107109 40127
76 3107208 5090
77 3107307 49979
78 3107406 50605
79 3107505 6474
80 3107604 4217
81 3107703 6083
82 3107802 14935
83 3107901 10547
84 3108008 17603
85 3108107 6868
86 3108206 5493
87 3108255 11230
88 3108305 19412
89 3108404 14971
90 3108503 6319
91 3108552 16538
92 3108602 32347
93 3108701 4333
94 3108800 4801
95 3108909 14459
96 3109006 40103
97 3109105 11001
98 3109204 10365
99 3109253 3982
100 3109303 24841
101 3109402 28056
102 3109451 6949
103 3109501 14075
104 3109600 3603
105 3109709 11547
106 3109808 2692
107 3109907 11624
108 3110004 44718
109 3110103 5496
110 3110202 3987
111 3110301 14480
112 3110400 2901
113 3110509 21770
114 3110608 29551
115 3110707 12814
116 3110806 3721
117 3110905 16665
118 3111002 21055
119 3111101 19745
120 3111150 3817
121 3111200 54029
122 3111309 11655
123 3111408 8151
124 3111507 15461
125 3111606 28774
126 3111705 4563
127 3111804 12150
128 3111903 5603
129 3112000 14886
130 3112059 4525
131 3112109 5438
132 3112208 4653
133 3112307 37784
134 3112406 6920
135 3112505 9754
136 3112604 16173
137 3112653 5468
138 3112703 15234
139 3112802 8632
140 3112901 9298
141 3113008 23685
142 3113107 3183
143 3113206 25501
144 3113305 33000
145 3113404 92062
146 3113503 9405
147 3113602 6757
148 3113701 18837
149 3113800 2632
150 3113909 12170
151 3114006 11476
152 3114105 14859
153 3114204 22478
154 3114303 30329
155 3114402 21225
156 3114501 19355
157 3114550 10027
158 3114600 4047
159 3114709 3579
160 3114808 4478
161 3114907 2257
162 3115003 3075
163 3115102 17740
164 3115201 3954
165 3115300 75123
166 3115359 5376
167 3115409 3641
168 3115458 6311
169 3115474 4986
170 3115508 21656
171 3115607 1164
172 3115706 7032
173 3115805 10350
174 3115904 3154
175 3116001 5704
176 3116100 15356
177 3116159 13680
178 3116209 2687
179 3116308 6787
180 3116407 4843
181 3116506 7551
182 3116605 28617
183 3116704 7556
184 3116803 8873
185 3116902 3111
186 3117009 6929
187 3117108 10292
188 3117207 2812
189 3117306 27893
190 3117405 4574
191 3117504 17842
192 3117603 5507
193 3117702 13638
194 3117801 11638
195 3117836 7642
196 3117876 6730
197 3117900 11950
198 3118007 54762
199 3118106 5045
200 3118205 6939
201 3118304 128589
202 3118403 22921
203 3118502 1783
204 3118601 663855
205 3118700 9159
206 3118809 26602
207 3118908 8890
208 3119005 3538
209 3119104 23731
210 3119203 9991
211 3119302 27974
212 3119401 109855
213 3119500 9222
214 3119609 3086
215 3119708 3434
216 3119807 3215
217 3119906 3704
218 3119955 6337
219 3120003 2771
220 3120102 4410
221 3120151 6704
222 3120201 12798
223 3120300 5971
224 3120409 5150
225 3120508 10242
226 3120607 5034
227 3120706 3626
228 3120805 15417
229 3120839 4982
230 3120870 7729
231 3120904 80129
232 3121001 5410
233 3121100 8025
234 3121209 7114
235 3121258 10533
236 3121308 5013
237 3121407 7243
238 3121506 2901
239 3121605 47723
240 3121704 3802
241 3121803 7729
242 3121902 3417
243 3122009 19931
244 3122108 4979
245 3122207 7571
246 3122306 238230
247 3122355 6786
248 3122405 6011
249 3122454 11019
250 3122470 3677
251 3122504 5072
252 3122603 4195
253 3122702 5237
254 3122801 3001
255 3122900 6572
256 3123007 10153
257 3123106 5169
258 3123205 13483
259 3123304 4259
260 3123403 1527
261 3123502 1908
262 3123528 7841
263 3123601 28076
264 3123700 11134
265 3123809 7242
266 3123858 5370
267 3123908 15298
268 3124005 18895
269 3124104 70552
270 3124203 24951
271 3124302 31617
272 3124401 4692
273 3124500 11354
274 3124609 2343
275 3124708 3500
276 3124807 7978
277 3124906 11275
278 3125002 3913
279 3125101 36225
280 3125200 2377
281 3125309 3241
282 3125408 4753
283 3125507 3167
284 3125606 7457
285 3125705 15336
286 3125804 3431
287 3125903 9820
288 3125952 11006
289 3126000 7461
290 3126109 67683
291 3126208 9562
292 3126307 4412
293 3126406 2947
294 3126505 10332
295 3126604 5215
296 3126703 26277
297 3126752 5391
298 3126802 5880
299 3126901 9611
300 3126950 3478
301 3127008 18103
302 3127057 4581
303 3127073 5369
304 3127107 59496
305 3127206 4349
306 3127305 6817
307 3127339 5109
308 3127354 3150
309 3127370 3353
310 3127388 3966
311 3127404 4350
312 3127503 6158
313 3127602 11825
314 3127701 279885
315 3127800 15836
316 3127909 1388
317 3128006 34319
318 3128105 14245
319 3128204 10324
320 3128253 4972
321 3128303 19021
322 3128402 8911
323 3128501 3796
324 3128600 6580
325 3128709 51917
326 3128808 7078
327 3128907 8039
328 3129004 8392
329 3129103 5639
330 3129202 6558
331 3129301 11004
332 3129400 5021
333 3129509 25199
334 3129608 8395
335 3129657 5400
336 3129707 13828
337 3129806 180204
338 3129905 3488
339 3130002 2989
340 3130051 11990
341 3130101 43045
342 3130200 10860
343 3130309 7947
344 3130408 6550
345 3130507 12375
346 3130556 6903
347 3130606 7328
348 3130655 7351
349 3130705 6891
350 3130804 2767
351 3130903 24140
352 3131000 6271
353 3131109 7515
354 3131158 18607
355 3131208 19861
356 3131307 263410
357 3131406 4221
358 3131505 10079
359 3131604 6987
360 3131703 120060
361 3131802 11512
362 3131901 51875
363 3132008 5385
364 3132107 18153
365 3132206 13358
366 3132305 12760
367 3132404 96869
368 3132503 34735
369 3132602 4355
370 3132701 23211
371 3132800 2081
372 3132909 10192
373 3133006 15579
374 3133105 15331
375 3133204 12228
376 3133303 21062
377 3133402 15243
378 3133501 21762
379 3133600 9783
380 3133709 11146
381 3133758 16108
382 3133808 93214
383 3133907 5419
384 3134004 14990
385 3134103 6051
386 3134202 104671
387 3134301 6023
388 3134400 39263
389 3134509 3788
390 3134608 20143
391 3134707 12326
392 3134806 7686
393 3134905 25979
394 3135001 3133
395 3135050 38909
396 3135076 5404
397 3135100 71648
398 3135209 67742
399 3135308 4350
400 3135357 7969
401 3135407 4912
402 3135456 7692
403 3135506 12386
404 3135605 7531
405 3135704 5211
406 3135803 25391
407 3135902 4787
408 3136009 15432
409 3136108 4573
410 3136207 79910
411 3136306 47452
412 3136405 4695
413 3136504 10812
414 3136520 4501
415 3136553 4995
416 3136579 4867
417 3136603 5725
418 3136652 26946
419 3136702 568873
420 3136801 4331
421 3136900 10563
422 3136959 5724
423 3137007 18111
424 3137106 7613
425 3137205 52165
426 3137304 4102
427 3137403 13009
428 3137502 18052
429 3137536 9532
430 3137601 64527
431 3137700 19923
432 3137809 20814
433 3137908 3391
434 3138005 6810
435 3138104 6512
436 3138203 103773
437 3138302 3229
438 3138351 4918
439 3138401 52587
440 3138500 5069
441 3138609 16698
442 3138625 7536
443 3138658 9661
444 3138674 6266
445 3138682 6699
446 3138708 5446
447 3138807 18215
448 3138906 7111
449 3139003 42133
450 3139102 5098
451 3139201 18650
452 3139250 6543
453 3139300 18407
454 3139409 90229
455 3139508 22707
456 3139607 27644
457 3139706 7976
458 3139805 12814
459 3139904 14095
460 3140001 60724
461 3140100 4115
462 3140159 15416
463 3140209 2973
464 3140308 4039
465 3140407 2755
466 3140506 13388
467 3140530 8417
468 3140555 8586
469 3140605 4459
470 3140704 31086
471 3140803 14468
472 3140852 11157
473 3140902 18908
474 3141009 12459
475 3141108 37820
476 3141207 3749
477 3141306 3802
478 3141405 20820
479 3141504 6446
480 3141603 10739
481 3141702 5605
482 3141801 31484
483 3141900 3894
484 3142007 13589
485 3142106 10754
486 3142205 15014
487 3142254 4888
488 3142304 4919
489 3142403 7517
490 3142502 2220
491 3142601 8688
492 3142700 14877
493 3142809 21120
494 3142908 20854
495 3143005 13166
496 3143104 47809
497 3143153 4906
498 3143203 21524
499 3143302 409341
500 3143401 23803
501 3143450 8249
502 3143500 8863
503 3143609 2462
504 3143708 3182
505 3143807 6029
506 3143906 108763
507 3144003 26979
508 3144102 20569
509 3144201 3220
510 3144300 40750
511 3144359 6996
512 3144375 3311
513 3144409 4730
514 3144508 8608
515 3144607 26769
516 3144656 10295
517 3144672 3190
518 3144706 17578
519 3144805 94889
520 3144904 3600
521 3145000 15545
522 3145059 7500
523 3145109 16723
524 3145208 102693
525 3145307 31331
526 3145356 10755
527 3145372 5299
528 3145406 1747
529 3145455 6096
530 3145505 2787
531 3145604 41687
532 3145703 2133
533 3145802 3148
534 3145851 4655
535 3145877 8018
536 3145901 39500
537 3146008 33639
538 3146107 74281
539 3146206 5934
540 3146255 6378
541 3146305 20154
542 3146404 4486
543 3146503 8283
544 3146552 6089
545 3146602 1529
546 3146701 6616
547 3146750 5507
548 3146909 15674
549 3147006 93158
550 3147105 93969
551 3147204 21513
552 3147303 21083
553 3147402 24540
554 3147501 1649
555 3147600 16344
556 3147709 8084
557 3147808 2039
558 3147907 114679
559 3147956 5972
560 3148004 152488
561 3148103 90757
562 3148202 5684
563 3148301 9571
564 3148400 4830
565 3148509 8450
566 3148608 17541
567 3148707 24324
568 3148756 7097
569 3148806 3052
570 3148905 3972
571 3149002 2504
572 3149101 11195
573 3149150 12107
574 3149200 3635
575 3149309 64258
576 3149408 1807
577 3149507 3320
578 3149606 4406
579 3149705 11506
580 3149804 16168
581 3149903 21390
582 3149952 6810
583 3150000 4252
584 3150109 2748
585 3150158 8566
586 3150208 4140
587 3150307 4497
588 3150406 4982
589 3150505 8660
590 3150539 4941
591 3150570 7507
592 3150604 6409
593 3150703 6199
594 3150802 17626
595 3150901 5472
596 3151008 8596
597 3151107 10752
598 3151206 56428
599 3151305 10787
600 3151404 27989
601 3151503 34691
602 3151602 12133
603 3151701 16791
604 3151800 167397
605 3151909 8432
606 3152006 31812
607 3152105 59742
608 3152131 4261
609 3152170 12121
610 3152204 37906
611 3152303 11279
612 3152402 16555
613 3152501 150737
614 3152600 5940
615 3152709 9031
616 3152808 27856
617 3152907 8603
618 3153004 3603
619 3153103 5369
620 3153202 3641
621 3153301 3002
622 3153400 19573
623 3153509 8317
624 3153608 10733
625 3153707 3563
626 3153806 1939
627 3153905 16354
628 3154002 23762
629 3154101 10517
630 3154150 7154
631 3154200 11500
632 3154309 17397
633 3154408 4808
634 3154457 8136
635 3154507 9481
636 3154606 334858
637 3154705 4033
638 3154804 10312
639 3154903 13564
640 3155009 2610
641 3155108 5150
642 3155207 5474
643 3155306 5832
644 3155405 8949
645 3155504 12313
646 3155603 30914
647 3155702 14339
648 3155801 17910
649 3155900 5476
650 3156007 12846
651 3156106 4604
652 3156205 2305
653 3156304 8109
654 3156403 3533
655 3156452 4594
656 3156502 5995
657 3156601 10241
658 3156700 136344
659 3156809 15470
660 3156908 26185
661 3157005 41527
662 3157104 7009
663 3157203 31324
664 3157252 8147
665 3157278 3150
666 3157302 4430
667 3157336 8604
668 3157377 4142
669 3157401 4758
670 3157500 4409
671 3157609 3846
672 3157658 6366
673 3157708 14003
674 3157807 219134
675 3157906 16208
676 3158003 10847
677 3158102 5232
678 3158201 14615
679 3158300 7100
680 3158409 3872
681 3158508 7642
682 3158607 3976
683 3158706 2458
684 3158805 4821
685 3158904 8674
686 3158953 34663
687 3159001 4295
688 3159100 3777
689 3159209 8949
690 3159308 4884
691 3159357 7212
692 3159407 3425
693 3159506 5489
694 3159605 43260
695 3159704 3350
696 3159803 19742
697 3159902 18525
698 3160009 3602
699 3160108 3911
700 3160207 3838
701 3160306 11640
702 3160405 28243
703 3160454 7277
704 3160504 1765
705 3160603 3087
706 3160702 46487
707 3160801 5286
708 3160900 3738
709 3160959 5644
710 3161007 17359
711 3161056 3369
712 3161106 56323
713 3161205 6527
714 3161304 6238
715 3161403 4844
716 3161502 12366
717 3161601 3962
718 3161650 4012
719 3161700 8389
720 3161809 12411
721 3161908 10920
722 3162005 25449
723 3162104 35469
724 3162203 7453
725 3162252 4915
726 3162302 2749
727 3162401 25165
728 3162450 13014
729 3162500 90082
730 3162559 11559
731 3162575 5859
732 3162609 7498
733 3162658 4419
734 3162708 23618
735 3162807 15774
736 3162906 26361
737 3162922 31578
738 3162948 7426
739 3162955 23766
740 3163003 4268
741 3163102 5004
742 3163201 4196
743 3163300 3860
744 3163409 5420
745 3163508 6453
746 3163607 2791
747 3163706 45851
748 3163805 6938
749 3163904 4659
750 3164001 7781
751 3164100 5246
752 3164209 12337
753 3164308 7051
754 3164407 5504
755 3164431 3007
756 3164472 6555
757 3164506 10044
758 3164605 6775
759 3164704 70956
760 3164803 1506
761 3164902 2241
762 3165008 10941
763 3165107 7021
764 3165206 7089
765 3165305 7753
766 3165404 6930
767 3165503 6300
768 3165537 32752
769 3165552 12258
770 3165560 2633
771 3165578 5356
772 3165602 2005
773 3165701 7812
774 3165800 1502
775 3165909 4156
776 3166006 5786
777 3166105 3523
778 3166204 10459
779 3166303 7326
780 3166402 1851
781 3166501 4293
782 3166600 781
783 3166709 8699
784 3166808 11582
785 3166907 7669
786 3166956 4781
787 3167004 1963
788 3167103 20966
789 3167202 239639
790 3167301 2261
791 3167400 6238
792 3167509 2615
793 3167608 19633
794 3167707 5553
795 3167806 6151
796 3167905 3750
797 3168002 34132
798 3168051 3110
799 3168101 4773
800 3168200 1875
801 3168309 4077
802 3168408 14326
803 3168507 11661
804 3168606 140592
805 3168705 89842
806 3168804 7981
807 3168903 6480
808 3169000 16659
809 3169059 4101
810 3169109 6258
811 3169208 8022
812 3169307 79482
813 3169356 32356
814 3169406 56746
815 3169505 6732
816 3169604 25327
817 3169703 19964
818 3169802 5040
819 3169901 115552
820 3170008 12533
821 3170057 12471
822 3170107 333783
823 3170206 691305
824 3170305 2611
825 3170404 84378
826 3170438 4304
827 3170479 3264
828 3170503 10358
829 3170529 16865
830 3170578 6480
831 3170602 2153
832 3170651 5007
833 3170701 135558
834 3170750 7036
835 3170800 39493
836 3170909 19320
837 3171006 20590
838 3171030 9355
839 3171071 5720
840 3171105 3999
841 3171154 4839
842 3171204 127601
843 3171303 78846
844 3171402 3608
845 3171501 3203
846 3171600 13752
847 3171709 8674
848 3171808 10510
849 3171907 5380
850 3172004 42564
851 3172103 5252
852 3172202 2552
